
99 44
181 44
200 114
76 125
83 176
189 215
196 312
203 425
93 432
102 500
190 493
80 572
188 601
192 661
191 749
291 641
296 580
372 637
285 521
287 463
407 504
406 383
393 323
283 330
289 257
390 206
398 262
284 194
279 131
391 149
274 48
323 44
390 41
446 36
472 144
471 207
473 263
479 317
475 378
473 447
477 508
445 612
511 609
562 610
618 610
679 605
742 611
806 605
782 501
287 403
504 41
569 40
578 149
580 208
584 265
580 331
584 387
577 445
589 501
676 503
674 442
668 384
672 322
661 260
660 208
655 150
305 722
778 428
779 375
778 308
773 252
774 192
772 132
637 48
698 42
753 41
818 41
878 35
942 28
920 118
981 208
940 302
875 325
850 400
873 492
924 453
912 593
962 567
1009 520
1052 570
1107 621
1186 630
1210 731
1395 717
1380 634
1298 635
1007 35
1060 40
1129 45
1197 43
1246 40
1309 48
1382 34
1384 136
1260 119
1141 114
1068 114
1079 225
1132 216
1192 213
1271 214
1318 211
1383 208
1376 302
1292 303
1230 304
1161 311
1111 312
1040 312
1003 375
1078 448
1137 419
1195 411
1264 404
1262 473
1154 484
1170 548
1234 619
1376 383
1377 457
1380 520
1379 571
